 8979323846  8979323846  8979323846  8979323846  8979323846  8979323846  8979323846  8979323846  8979323846  2643383279
 8979323846  8979323846  8979323846  8979323846  8979323846  8979323846  8979323846  8979323846  8979323846  2643383279
 8979323846  8979323846  8979323846  8979323846  8979323846  8979323846  8979323846  8979323846  8979323846  2643383279
 8979323846  8979323846  8979323846  8979323846  8979323846  8979323846  8979323846  8979323846  8979323846  2643383279
 8979323846  8979323846  8979323846  8979323846  8979323846  8979323846  8979323846  8979323846  8979323846  2643383279
 8979323846  8979323846  8979323846  8979323846  8979323846  8979323846  8979323846  8979323846  8979323846  2643383279
 8979323846  8979323846  8979323846  8979323846  8979323846  8979323846  8979323846  8979323846  8979323846  2643383279
 8979323846  8979323846  8979323846  8979323846  8979323846  8979323846  8979323846  8979323846  8979323846  2643383279
 8979323846  8979323846  8979323846  8979323846  8979323846  8979323846  8979323846  8979323846  8979323846  2643383279
 8979323846  8979323846  8979323846  8979323846  8979323846  8979323846  8979323846  8979323846  8979323846  2643383279
 8979323846  8979323846  8979323846  8979323846  8979323846  8979323846  8979323846  8979323846  8979323846  2643383279
 8979323846  8979323846  8979323846  8979323846  8979323846  8979323846  8979323846  8979323846  8979323846  2643383279
 8979323846  8979323846  8979323846  8979323846  8979323846  8979323846  8979323846  8979323846  8979323846  2643383279
 8979323846  8979323846  8979323846  8979323846  8979323846  8979323846  8979323846  8979323846  8979323846  2643383279
 8979323846  8979323846  8979323846  8979323846  8979323846  8979323846  8979323846  8979323846  8979323846  2643383279
 8979323846  8979323846  8979323846  8979323846  8979323846  8979323846  8979323846  8979323846  8979323846  2643383279
 8979323846  8979323846  8979323846  8979323846  8979323846  8979323846  8979323846  8979323846  8979323846  2643383279
 8979323846  8979323846  8979323846  8979323846  8979323846  8979323846  8979323846  8979323846  8979323846  2643383279
 8979323846  8979323846  8979323846  8979323846  8979323846  8979323846  8979323846  8979323846  8979323846  2643383279
 8979323846  8979323846  8979323846  8979323846  8979323846  8979323846  8979323846  8979323846  8979323846  2643383279
 8979323846  8979323846  8979323846  8979323846  8979323846  8979323846  8979323846  8979323846  8979323846  2643383279
 8979323846  8979323846  8979323846  8979323846  8979323846  8979323846  8979323846  8979323846  8979323846  2643383279
 8979323846  8979323846  8979323846  8979323846  8979323846  8979323846  8979323846  8979323846  8979323846  2643383279
 8979323846  8979323846  8979323846  8979323846  8979323846  8979323846  8979323846  8979323846  8979323846  2643383279
 8979323846  8979323846  8979323846  8979323846  8979323846  8979323846  8979323846  8979323846  8979323846  2643383279
 8979323846  8979323846  8979323846  8979323846  8979323846  8979323846  8979323846  8979323846  8979323846  2643383279
 8979323846  8979323846  8979323846  8979323846  8979323846  8979323846  8979323846  8979323846  8979323846  2643383279
 8979323846  8979323846  8979323846  8979323846  8979323846  8979323846  8979323846  8979323846  8979323846  2643383279
 8979323846  8979323846  8979323846  8979323846  8979323846  8979323846  8979323846  8979323846  8979323846  2643383279
 8979323846  8979323846  8979323846  8979323846  8979323846  8979323846  8979323846  8979323846  8979323846  2643383279
 8979323846  8979323846  8979323846  8979323846  8979323846  8979323846  8979323846  8979323846  8979323846  2643383279
 8979323846  8979323846  8979323846  8979323846  8979323846  8979323846  8979323846  8979323846  8979323846  2643383279
 8979323846  8979323846  8979323846  8979323846  8979323846  8979323846  8979323846  8979323846  8979323846  2643383279
 8979323846  8979323846  8979323846  8979323846  8979323846  8979323846  8979323846  8979323846  8979323846  2643383279
 8979323846  8979323846  8979323846  8979323846  8979323846  8979323846  8979323846  8979323846  8979323846  2643383279
 8979323846  8979323846  8979323846  8979323846  8979323846  8979323846  8979323846  8979323846  8979323846  2643383279
 8979323846  8979323846  8979323846  8979323846  8979323846  8979323846  8979323846  8979323846  8979323846  2643383279
 8979323846  8979323846  8979323846  8979323846  8979323846  8979323846  8979323846  8979323846  8979323846  2643383279
 8979323846  8979323846  8979323846  8979323846  8979323846  8979323846  8979323846  8979323846  8979323846  2643383279
 8979323846  8979323846  8979323846  8979323846  8979323846  8979323846  8979323846  8979323846  8979323846  2643383279
 8979323846  8979323846  8979323846  8979323846  8979323846  8979323846  8979323846  8979323846  8979323846  2643383279
 8979323846  8979323846  8979323846  8979323846  8979323846  8979323846  8979323846  8979323846  8979323846  2643383279
 8979323846  8979323846  8979323846  8979323846  8979323846  8979323846  8979323846  8979323846  8979323846  2643383279
 8979323846  8979323846  8979323846  8979323846  8979323846  8979323846  8979323846  8979323846  8979323846  2643383279
 8979323846  8979323846  8979323846  8979323846  8979323846  8979323846  8979323846  8979323846  8979323846  2643383279
 8979323846  8979323846  8979323846  8979323846  8979323846  8979323846  8979323846  8979323846  8979323846  2643383279
 8979323846  8979323846  8979323846  8979323846  8979323846  8979323846  8979323846  8979323846  8979323846  2643383279
 8979323846  8979323846  8979323846  8979323846  8979323846  8979323846  8979323846  8979323846  8979323846  2643383279
 8979323846  8979323846  8979323846  8979323846  8979323846  8979323846  8979323846  8979323846  8979323846  2643383279
 8979323846  8979323846  8979323846  8979323846  8979323846  8979323846  8979323846  8979323846  8979323846  2643383279
 8979323846  8979323846  8979323846  8979323846  8979323846  8979323846  8979323846  8979323846  8979323846  2643383279
 8979323846  8979323846  8979323846  8979323846  8979323846  8979323846  8979323846  8979323846  8979323846  2643383279
 8979323846  8979323846  8979323846  8979323846  8979323846  8979323846  8979323846  8979323846  8979323846  2643383279
 8979323846  8979323846  8979323846  8979323846  8979323846  8979323846  8979323846  8979323846  8979323846  2643383279
 8979323846  8979323846  8979323846  8979323846  8979323846  8979323846  8979323846  8979323846  8979323846  2643383279
 8979323846  8979323846  8979323846  8979323846  8979323846  8979323846  8979323846  8979323846  8979323846  2643383279
 8979323846  8979323846  8979323846  8979323846  8979323846  8979323846  8979323846  8979323846  8979323846  2643383279
 8979323846  8979323846  8979323846  8979323846  8979323846  8979323846  8979323846  8979323846  8979323846  2643383279
 8979323846  8979323846  8979323846  8979323846  8979323846  8979323846  8979323846  8979323846  8979323846  2643383279
 8979323846  8979323846  8979323846  8979323846  8979323846  8979323846  8979323846  8979323846  8979323846  2643383279
 8979323846  8979323846  8979323846  8979323846  8979323846  8979323846  8979323846  8979323846  8979323846  2643383279
 8979323846  8979323846  8979323846  8979323846  8979323846  8979323846  8979323846  8979323846  8979323846  2643383279
 8979323846  8979323846  8979323846  8979323846  8979323846  8979323846  8979323846  8979323846  8979323846  2643383279
 8979323846  8979323846  8979323846  8979323846  8979323846  8979323846  8979323846  8979323846  8979323846  2643383279
 8979323846  8979323846  8979323846  8979323846  8979323846  8979323846  8979323846  8979323846  8979323846  2643383279
 8979323846  8979323846  8979323846  8979323846  8979323846  8979323846  8979323846  8979323846  8979323846  2643383279
 8979323846  8979323846  8979323846  8979323846  8979323846  8979323846  8979323846  8979323846  8979323846  2643383279
 8979323846  8979323846  8979323846  8979323846  8979323846  8979323846  8979323846  8979323846  8979323846  2643383279
 8979323846  8979323846  8979323846  8979323846  8979323846  8979323846  8979323846  8979323846  8979323846  2643383279
 8979323846  8979323846  8979323846  8979323846  8979323846  8979323846  8979323846  8979323846  8979323846  2643383279
 8979323846  8979323846  8979323846  8979323846  8979323846  8979323846  8979323846  8979323846  8979323846  2643383279
 8979323846  8979323846  8979323846  8979323846  8979323846  8979323846  8979323846  8979323846  8979323846  2643383279
 8979323846  8979323846  8979323846  8979323846  8979323846  8979323846  8979323846  8979323846  8979323846  2643383279
 8979323846  8979323846  8979323846  8979323846  8979323846  8979323846  8979323846  8979323846  8979323846  2643383279
 8979323846  8979323846  8979323846  8979323846  8979323846  8979323846  8979323846  8979323846  8979323846  2643383279
 8979323846  8979323846  8979323846  8979323846  8979323846  8979323846  8979323846  8979323846  8979323846  2643383279
 8979323846  8979323846  8979323846  8979323846  8979323846  8979323846  8979323846  8979323846  8979323846  2643383279
 8979323846  8979323846  8979323846  8979323846  8979323846  8979323846  8979323846  8979323846  8979323846  2643383279
 8979323846  8979323846  8979323846  8979323846  8979323846  8979323846  8979323846  8979323846  8979323846  2643383279
 8979323846  8979323846  8979323846  8979323846  8979323846  8979323846  8979323846  8979323846  8979323846  2643383279
 8979323846  8979323846  8979323846  8979323846  8979323846  8979323846  8979323846  8979323846  8979323846  2643383279
 8979323846  8979323846  8979323846  8979323846  8979323846  8979323846  8979323846  8979323846  8979323846  2643383279
 8979323846  8979323846  8979323846  8979323846  8979323846  8979323846  8979323846  8979323846  8979323846  2643383279
 8979323846  8979323846  8979323846  8979323846  8979323846  8979323846  8979323846  8979323846  8979323846  2643383279
 8979323846  8979323846  8979323846  8979323846  8979323846  8979323846  8979323846  8979323846  8979323846  2643383279
 8979323846  8979323846  8979323846  8979323846  8979323846  8979323846  8979323846  8979323846  8979323846  2643383279
 8979323846  8979323846  8979323846  8979323846  8979323846  8979323846  8979323846  8979323846  8979323846  2643383279
 8979323846  8979323846  8979323846  8979323846  8979323846  8979323846  8979323846  8979323846  8979323846  2643383279
 8979323846  8979323846  8979323846  8979323846  8979323846  8979323846  8979323846  8979323846  8979323846  2643383279
 8979323846  8979323846  8979323846  8979323846  8979323846  8979323846  8979323846  8979323846  8979323846  2643383279
 8979323846  8979323846  8979323846  8979323846  8979323846  8979323846  8979323846  8979323846  8979323846  2643383279
 8979323846  8979323846  8979323846  8979323846  8979323846  8979323846  8979323846  8979323846  8979323846  2643383279
 8979323846  8979323846  8979323846  8979323846  8979323846  8979323846  8979323846  8979323846  8979323846  2643383279
 8979323846  8979323846  8979323846  8979323846  8979323846  8979323846  8979323846  8979323846  8979323846  2643383279
 8979323846  8979323846  8979323846  8979323846  8979323846  8979323846  8979323846  8979323846  8979323846  2643383279
 8979323846  8979323846  8979323846  8979323846  8979323846  8979323846  8979323846  8979323846  8979323846  2643383279
 8979323846  8979323846  8979323846  8979323846  8979323846  8979323846  8979323846  8979323846  8979323846  2643383279
 8979323846  8979323846  8979323846  8979323846  8979323846  8979323846  8979323846  8979323846  8979323846  2643383279
 8979323846  8979323846  8979323846  8979323846  8979323846  8979323846  8979323846  8979323846  8979323846  2643383279
 8979323846  8979323846  8979323846  8979323846  8979323846  8979323846  8979323846  8979323846  8979323846  2643383279
 8979323846  8979323846  8979323846  8979323846  8979323846  8979323846  8979323846  8979323846  8979323846  2643383279
 8979323846  8979323846  8979323846  8979323846  8979323846  8979323846  8979323846  8979323846  8979323846  2643383279
 8979323846  8979323846  8979323846  8979323846  8979323846  8979323846  8979323846  8979323846  8979323846  2643383279
 8979323846  8979323846  8979323846  8979323846  8979323846  8979323846  8979323846  8979323846  8979323846  2643383279
 8979323846  8979323846  8979323846  8979323846  8979323846  8979323846  8979323846  8979323846  8979323846  2643383279
 8979323846  8979323846  8979323846  8979323846  8979323846  8979323846  8979323846  8979323846  8979323846  2643383279
 8979323846  8979323846  8979323846  8979323846  8979323846  8979323846  8979323846  8979323846  8979323846  2643383279
 8979323846  8979323846  8979323846  8979323846  8979323846  8979323846  8979323846  8979323846  8979323846  2643383279
 8979323846  8979323846  8979323846  8979323846  8979323846  8979323846  8979323846  8979323846  8979323846  2643383279
 8979323846  8979323846  8979323846  8979323846  8979323846  8979323846  8979323846  8979323846  8979323846  2643383279
 8979323846  8979323846  8979323846  8979323846  8979323846  8979323846  8979323846  8979323846  8979323846  2643383279
 8979323846  8979323846  8979323846  8979323846  8979323846  8979323846  8979323846  8979323846  8979323846  2643383279
 8979323846  8979323846  8979323846  8979323846  8979323846  8979323846  8979323846  8979323846  8979323846  2643383279
 8979323846  8979323846  8979323846  8979323846  8979323846  8979323846  8979323846  8979323846  8979323846  2643383279
 8979323846  8979323846  8979323846  8979323846  8979323846  8979323846  8979323846  8979323846  8979323846  2643383279
 8979323846  8979323846  8979323846  8979323846  8979323846  8979323846  8979323846  8979323846  8979323846  2643383279
 8979323846  8979323846  8979323846  8979323846  8979323846  8979323846  8979323846  8979323846  8979323846  2643383279
 8979323846  8979323846  8979323846  8979323846  8979323846  8979323846  8979323846  8979323846  8979323846  2643383279
 8979323846  8979323846  8979323846  8979323846  8979323846  8979323846  8979323846  8979323846  8979323846  2643383279
 8979323846  8979323846  8979323846  8979323846  8979323846  8979323846  8979323846  8979323846  8979323846  2643383279
 8979323846  8979323846  8979323846  8979323846  8979323846  8979323846  8979323846  8979323846  8979323846  2643383279
 8979323846  8979323846  8979323846  8979323846  8979323846  8979323846  8979323846  8979323846  8979323846  2643383279
 8979323846  8979323846  8979323846  8979323846  8979323846  8979323846  8979323846  8979323846  8979323846  2643383279
 8979323846  8979323846  8979323846  8979323846  8979323846  8979323846  8979323846  8979323846  8979323846  2643383279
 8979323846  8979323846  8979323846  8979323846  8979323846  8979323846  8979323846  8979323846  8979323846  2643383279
 8979323846  8979323846  8979323846  8979323846  8979323846  8979323846  8979323846  8979323846  8979323846  2643383279
 8979323846  8979323846  8979323846  8979323846  8979323846  8979323846  8979323846  8979323846  8979323846  2643383279
 8979323846  8979323846  8979323846  8979323846  8979323846  8979323846  8979323846  8979323846  8979323846  2643383279
 8979323846  8979323846  8979323846  8979323846  8979323846  8979323846  8979323846  8979323846  8979323846  2643383279
 8979323846  8979323846  8979323846  8979323846  8979323846  8979323846  8979323846  8979323846  8979323846  2643383279
 8979323846  8979323846  8979323846  8979323846  8979323846  8979323846  8979323846  8979323846  8979323846  2643383279
 8979323846  8979323846  8979323846  8979323846  8979323846  8979323846  8979323846  8979323846  8979323846  2643383279
 8979323846  8979323846  8979323846  8979323846  8979323846  8979323846  8979323846  8979323846  8979323846  2643383279
 8979323846  8979323846  8979323846  8979323846  8979323846  8979323846  8979323846  8979323846  8979323846  2643383279
 8979323846  8979323846  8979323846  8979323846  8979323846  8979323846  8979323846  8979323846  8979323846  2643383279
 8979323846  8979323846  8979323846  8979323846  8979323846  8979323846  8979323846  8979323846  8979323846  2643383279
 8979323846  8979323846  8979323846  8979323846  8979323846  8979323846  8979323846  8979323846  8979323846  2643383279
 8979323846  8979323846  8979323846  8979323846  8979323846  8979323846  8979323846  8979323846  8979323846  2643383279
 8979323846  8979323846  8979323846  8979323846  8979323846  8979323846  8979323846  8979323846  8979323846  2643383279
 8979323846  8979323846  8979323846  8979323846  8979323846  8979323846  8979323846  8979323846  8979323846  2643383279
 8979323846  8979323846  8979323846  8979323846  8979323846  8979323846  8979323846  8979323846  8979323846  2643383279
 8979323846  8979323846  8979323846  8979323846  8979323846  8979323846  8979323846  8979323846  8979323846  2643383279
 8979323846  8979323846  8979323846  8979323846  8979323846  8979323846  8979323846  8979323846  8979323846  2643383279
 8979323846  8979323846  8979323846  8979323846  8979323846  8979323846  8979323846  8979323846  8979323846  2643383279
 8979323846  8979323846  8979323846  8979323846  8979323846  8979323846  8979323846  8979323846  8979323846  2643383279
 8979323846  8979323846  8979323846  8979323846  8979323846  8979323846  8979323846  8979323846  8979323846  2643383279
 8979323846  8979323846  8979323846  8979323846  8979323846  8979323846  8979323846  8979323846  8979323846  2643383279
 

08167896806